0,431
0,420
0,415
0,414
0,401
0,398
0,396
0,392
0,383
0,382
0,381
0,380
0,379
0,378
0,377
0,376
0,375
0,374
0,373
0,372
0,371
0,370
0,369
0,368
0,366
0,365
0,364
0,363
0,361
0,359
0,357
0,356
0,355
0,354
0,353
0,352
0,351
0,350
0,349
0,348
0,347
0,346
0,345
0,344
0,343
0,342
0,341
0,340
0,339
0,338
0,337
0,336
0,335
0,334
0,333
0,332
0,331
0,330
0,329
0,328
0,327
0,326
0,325
0,324
0,323
0,322
53,1
53,6
0,321
0,320
52,5
0,319
52,12
52,1
0,318
52,6
53,3
0,317
53,0
0,315
7,1
7,3
0,314
7,0
0,312
52,3
0,714
0,311
52,0
0,309
2,5
0,306
0,301
13,1
13,3
0,243
13,0
2,4
1,1
1,3
1,0
2,1
2,7
2,3
2,0
0,9
0,384
0,413
0,310
0,305
0,308
0,304
0,303
0,302
0,307
0,12
0,713
0,10
0,8
0,0
0,709
0,300
0,538
0,299
0,707
0,298
0,419
0,297
0,706
0,296
0,388
0,295
0,704
0,294
0,575
0,293
0,292
0,728
0,291
0,290
0,532
0,289
0,570
0,288
0,418
0,287
0,735
0,286
0,568
0,285
0,567
0,284
0,438
0,283
0,731
0,282
0,730
0,281
0,729
0,280
0,514
0,279
0,395
0,278
0,758
0,277
0,417
0,276
0,437
0,275
0,522
0,274
0,416
0,432
0,433
0,544
0,545
0,547
0,548
0,550
0,552
0,553
0,555
0,556
0,558
0,560
0,561
0,563
0,564
0,566
0,569
0,572
0,574
0,576
0,708
0,710
0,716
0,719
0,720
0,723
0,725
0,727
0,732
0,734
0,737
0,739
0,742
0,744
0,748
0,761
0,762
0,765
0,766
2,2
2,6
4,1
5,0
5,1
5,3
5,4
5,6
6,1
6,2
6,4
7,2
7,5
8,0
8,1
8,3
9,0
9,2
9,3
10,1
10,3
11,0
11,2
11,3
12,0
12,2
12,3
14,0
14,1
14,3
14,4
14,6
15,1
15,2
16,0
16,1
16,3
17,1
17,2
18,0
18,1
18,3
19,0
19,2
19,4
20,0
20,2
20,3
21,1
21,3
22,0
22,2
22,3
22,5
22,7
22,8
22,10
22,11
22,13
22,14
22,16
22,18
22,19
22,21
22,22
22,24
22,26
22,27
22,29
22,30
22,32
22,33
22,35
22,37
22,38
22,40
22,41
22,43
22,45
22,46
22,48
22,49
22,51
22,52
22,54
22,56
22,57
22,59
22,60
22,62
22,64
22,65
22,67
22,68
22,70
22,71
22,128
22,130
22,131
22,133
22,134
22,136
22,138
22,139
22,141
22,142
22,144
22,146
22,147
22,149
22,150
22,152
22,153
22,155
22,157
22,158
22,160
22,161
22,163
22,165
22,166
22,168
22,169
22,171
22,172
22,174
22,176
22,177
22,179
22,180
22,182
22,184
22,185
22,187
22,188
22,190
22,191
22,193
22,195
22,196
22,198
22,199
22,201
22,203
22,204
22,206
22,207
22,209
22,211
22,212
22,214
22,215
22,217
22,218
22,220
22,222
22,223
22,225
22,226
22,228
22,230
22,231
22,233
22,234
22,236
22,237
22,239
22,241
22,242
22,244
22,245
22,247
22,249
22,250
22,252
22,253
22,255
22,256
22,258
22,260
22,261
22,263
22,264
22,266
22,268
22,269
22,271
22,272
22,274
22,275
22,277
22,279
22,280
22,282
22,283
22,285
22,287
22,288
22,290
22,291
22,293
22,295
22,296
22,298
22,299
22,301
22,302
22,304
22,306
22,307
22,309
22,310
22,312
22,314
22,315
22,317
22,318
22,320
22,321
22,323
22,325
22,326
22,328
22,329
22,331
22,333
22,334
22,336
22,337
22,339
22,340
22,342
22,344
22,345
22,347
22,348
22,350
22,352
22,353
22,355
22,356
22,358
22,360
22,361
22,363
22,364
22,366
22,367
22,369
22,371
22,372
22,374
22,375
22,377
22,379
22,380
22,382
22,383
22,385
22,386
22,388
22,390
22,391
22,393
22,394
22,396
22,398
22,399
22,401
22,402
22,404
22,405
22,407
22,409
22,410
22,412
22,413
22,415
22,417
22,418
22,420
22,421
22,423
22,425
22,426
22,428
22,429
22,431
22,432
22,434
22,436
22,437
22,439
22,440
22,442
22,444
22,445
22,447
22,448
22,450
22,451
22,453
23,0
23,1
23,3
23,4
24,1
24,3
24,4
25,1
25,2
26,0
26,1
26,3
27,0
27,1
27,3
27,4
30,1
30,3
31,0
31,2
31,3
32,1
32,2
32,4
33,1
33,2
34,0
34,1
34,3
35,1
35,2
36,0
36,1
36,3
37,1
37,2
37,4
37,5
38,1
38,2
39,0
39,2
39,3
40,1
40,2
40,4
41,0
41,1
41,3
41,4
42,1
42,2
42,4
43,0
43,1
43,3
43,4
47,1
47,3
50,0
50,3
51,0
51,3
52,2
52,7
52,9
52,10
52,13
52,14
53,4
53,7
53,5
53,2
52,11
52,8
52,4
51,1
50,1
47,2
47,0
43,2
42,5
42,3
42,0
41,2
40,5
40,3
40,0
39,1
38,3
38,0
37,3
37,0
36,2
35,3
35,0
34,2
33,3
33,0
32,3
32,0
31,1
30,2
30,0
27,2
26,4
26,2
25,3
25,0
24,2
24,0
23,2
22,454
22,452
22,449
22,446
22,443
22,441
22,438
22,435
22,433
22,430
22,427
22,424
22,422
22,419
22,416
22,414
22,411
22,408
22,406
22,403
22,400
22,397
22,395
22,392
22,389
22,387
22,384
22,381
22,378
22,376
22,373
22,370
22,368
22,365
22,362
22,359
22,357
22,354
22,351
22,349
22,346
22,343
22,341
22,338
22,335
22,332
22,330
22,327
22,324
22,322
22,319
22,316
22,313
22,311
22,308
22,305
22,303
22,300
22,297
22,294
22,292
22,289
22,286
22,284
22,281
22,278
22,276
22,273
22,270
22,267
22,265
22,262
22,259
22,257
22,254
22,251
22,248
22,246
22,243
22,240
22,238
22,235
22,232
22,229
22,227
22,224
22,221
22,219
22,216
22,213
22,210
22,208
22,205
22,202
22,200
22,197
22,194
22,192
22,189
22,186
22,183
22,181
22,178
22,175
22,173
22,170
22,167
22,164
22,162
22,159
22,156
22,154
22,151
22,148
22,145
22,143
22,140
22,137
22,135
22,132
22,129
22,72
22,69
22,66
22,63
22,61
22,58
22,55
22,53
22,50
22,47
22,44
22,42
22,39
22,36
22,34
22,31
22,28
22,25
22,23
22,20
22,17
22,15
22,12
22,9
22,6
22,4
22,1
21,2
21,0
20,1
19,3
19,1
18,2
17,3
17,0
16,2
15,3
15,0
14,5
14,2
13,2
12,1
11,4
11,1
10,2
10,0
9,1
8,2
7,6
7,4
6,3
6,0
5,5
5,2
4,3
4,0
0,767
0,763
0,754
0,746
0,741
0,736
0,733
0,726
0,721
0,718
0,715
0,640
0,573
0,571
0,565
0,562
0,559
0,557
0,554
0,551
0,549
0,546
0,448
0,273
0,436
0,272
0,389
0,271
0,528
0,270
0,447
0,269
0,387
0,268
0,386
0,267
0,385
0,266
0,743
0,265
0,531
0,264
0,527
0,263
0,521
0,262
0,397
0,261
0,520
0,260
0,394
0,259
0,393
0,258
0,513
0,257
0,411
0,256
0,519
0,255
0,518
0,254
0,537
0,253
0,717
0,252
0,435
0,251
0,250
0,523
0,249
0,248
0,429
0,247
0,752
0,246
0,764
0,245
0,403
0,244
0,367
0,242
0,525
0,241
0,724
0,240
0,751
0,239
0,524
0,238
0,760
0,237
0,362
0,236
0,428
0,235
0,360
0,234
0,757
0,233
0,442
0,543
0,232
0,358
0,231
0,405
0,542
0,230
0,756
0,229
0,427
0,228
0,390
0,227
0,434
0,226
0,412
0,225
0,426
0,541
0,224
0,425
0,223
0,530
0,222
0,526
0,221
0,410
0,220
0,404
0,219
0,409
0,218
0,755
0,217
0,424
0,216
0,441
0,215
0,749
0,214
0,536
0,213
0,408
0,212
0,402
0,211
0,753
0,210
0,407
0,209
0,529
0,208
0,406
0,207
0,423
0,206
0,535
0,205
0,759
0,204
0,540
0,203
0,515
0,202
0,534
0,201
0,400
0,200
0,516
0,199
0,747
0,198
0,422
0,197
0,711
0,196
0,446
0,195
0,712
0,194
0,722
0,193
0,439
0,192
0,533
0,63
0,738
0,62
0,445
0,61
0,430
0,60
0,750
0,59
0,539
0,58
0,421
0,57
0,399
0,56
0,440
0,55
0,512
0,54
0,444
0,53
0,316
0,52
0,51
0,745
0,50
0,313
0,49
0,391
0,48
0,705
0,47
0,740
0,46
0,443
0,45
0,517
0,6
0,5
0,1
0,11
0,4
0,2
0,3
0,7
